3.262
0.062
0.038
0.101
0.048
0.05
0.088
0.049
0.057
0.045
0.052
0.043
0.063
0.052
0.043
0.037
0.034
0.045
0.038
0.037
0.027
0.029
0.026
0.031
0.027
0.026
0.028
0.033
0.024
0.03
0.031
0.032
0.025
0.038
0.023
0.027
0.034
0.023
0.025
0.024
0.027
0.029
0.026
0.026
0.026
0.024
0.027
0.021
0.033
0.03
0.024
0.019
0.018
0.027
0.023
0.023
0.02
0.018
0.027
0.024
0.029
0.025
0.034
0.022
0.022
0.022
0.019
0.03
0.018
0.022
0.029
0.019
0.029
0.024
0.026
0.02
0.023
0.081
0.037
0.028
0.019
0.023
0.039
0.027
0.019
0.025
0.038
0.037
0.024
0.018
0.017
0.032
0.029
0.025
0.027
0.027
0.029
0.016
0.026
0.046
0.027
0.023
0.027
0.021
0.018
0.037
0.024
0.018
0.015
0.024
0.022
0.017
0.02
0.018
0.024
0.021
0.015
0.018
0.028
0.024
0.035
0.02
0.017
0.033
0.017
0.044
0.025
0.048
0.024
0.018
0.029
0.027
0.022
0.027
0.019
0.033
0.021
0.02
0.027
0.028
0.018
0.02
0.022
0.023
0.023
0.038
0.017
0.048
0.019
0.024
0.025
0.016
0.019
0.024PT0.496S
PT1.707S
